97.8         1.945
93.2         1.935
92.3         1.935
90.8         1.930
89.3         1.925
88.5         1.920
86.9         1.915
85.1         1.911
83.4         1.906
82.2         1.901
81.0         1.896
79.7         1.891
77.9         1.886
76.5         1.881
75.2         1.876
73.6         1.871
73.1         1.871
72.4         1.867
71.8         1.867
71.1         1.862
70.4         1.862
69.6         1.857
68.9         1.857
68.3         1.852
67.5         1.852
66.9         1.847
66.2         1.847
65.6         1.842
64.7         1.842
63.9         1.837
63.3         1.837
62.8         1.832
62.2         1.832
61.6         1.827
60.9         1.827
60.3         1.823
59.3         1.819
57.3         1.812
55.3         1.804
53.3         1.797
51.3         1.789
49.3         1.782
47.3         1.774
45.3         1.766
43.3         1.759
41.3         1.751
40.3         1.748
37.1         1.744
36.9         1.741
36.6         1.740
36.2         1.739
35.8         1.735217
35.4         1.735110
34.5         1.733
34.1	       1.730
32.9	       1.725
30.8	       1.720
29.9	       1.718
27.0         1.706
