 
  24.0              0.787       
  33.4              0.797           
  41.5              0.816       
  46.1              0.826        
  53.9              0.850       
  56.9              0.860       
  59.8              0.865       
  62.6              0.875        
  68.2              0.890       
  70.3              0.894       
  72.9              0.899           
  77.3              0.909       
  79.0              0.914       
  81.7              0.919            
  88.0              0.934       
  91.9              0.943       

